TILEMAP
64 13						-- Size of tile map in tiles
16 16							-- Tile size & block size
images/tilesheetv2.png 	-- Tilesheet
16 16								-- Number of tiles in tilesheet
16 16 16 16 16 16 16 16 16 16 16 16 16 16 16 16 16 16 16 16 16 16 16 16 16 16 16 16 16 16 16 16                                                                                                 
16                                                                                                                                                                                              
16                                                                                                                                                                                              
16                               54 55 56                                                                                                                                                       
16                               70 71 72                                                                                                                                                       
16                                                                                                                                                                                              
16                                                                                                                                                                                              
16       91 91 91 91 91 99    96    97 97 97 98    91 92 93                                              16                                                                                     
16                                                                                        16             16                                                                                     
16                                                                      16                16             16                                                                                     
16                                                                      16                16             16                                                                                  16 
16 16 16 16 16 16 16 16 16 16 16 16 16 16 16 16 16 16 16 16 16 16 16 16 16 16 16 16 16 16 16 16 16 16 16 16 16 16 16 16 16 16 16 16 16 16 16 16 16 16 16 16 16 16 16 16 16 16 16 16 16 16 16 16 